# Start resdue    End residue Average D uptake (%)
2   3   82
4   9   74
11  11  2
12  15  1
16  16  2
17  31  2
32  32  40
33  33  54
34  34  50
35  35  55
36  37  58
38  38  63
39  44  77
45  45  55
46  52  65
53  53  54
54  54  55
55  55  59
56  59  60
60  61  56
62  64  71
65  73  61
74  75  46
78  83  2
87  92  16
97  98  40
99  106 56
107 107 55
108 113 30
114 114 1
115 115 0
116 117 2
118 124 0
125 125 47
126 129 50
130 139 55
140 140 72
141 146 58
147 147 44
148 155 36
156 157 14
158 163 5
164 172 24
173 173 31
177 190 26

